1787 64360 49558
479 64265 49803
65200 64172 50046
65233 64200 50280
64217 64202 50654
62924 64303 50903
62317 64434 51170
61680 64578 51578
61100 64721 52013
60599 64751 52577
59558 64893 52978
59286 64949 53338
59336 64955 53828
59352 64956 54182
59828 64966 54248
61141 64678 54207
62186 64507 54092
63424 64371 53979
64924 64188 53698
661 63940 53436
1917 64015 52804
3548 63747 52038
3829 63782 51395
4038 64017 50727
4234 64359 50189
4581 64821 49898
6606 643 51170
6904 64938 50515
5036 64714 49783
5252 65339 49531
4784 251 49397
4064 282 49400
3461 315 49409
2916 375 49396
2731 524 49386
2520 614 49427
2272 612 49411
2461 664 49459
5299 306 48992
9743 64889 48598
9691 64824 48113
5025 65279 48239
1255 366 48445
429 65196 48881
150 65187 49282
65210 65188 49599
65096 65119 49968
65247 65044 50199
3228 65437 49619
10736 64615 49096
10637 64556 48351
6815 65070 48026
1492 226 48283
65411 65330 48947
64985 64970 49316
64753 64990 49624
64732 64947 49806
64753 65164 49957
3158 65149 49513
10486 64438 48728
7091 65183 47903
2554 279 48027
462 65464 48598
6278 65079 47837
6052 62714 47253
1674 65278 47557
5257 63747 47359
2077 51 47017
3012 63265 47790
3581 65475 46773
450 64951 47413
5309 63977 47257
714 65384 47416
4041 63718 47550
1778 3 46974
65059 63097 50018
115 64218 50397
1321 5282 50487
2038 58904 50654
65215 4926 51783
1433 2809 53646
65253 58300 52392
61058 3328 52294
2457 8189 56313
2755 59757 52901
58856 6542 53330
65077 3916 55983
64648 62262 55293
57117 2860 55721
64674 64925 57198
62716 63801 57844
56725 2720 57487
62666 65150 57623
58934 64750 57826
54997 5041 56876
63887 65258 56124
431 58825 56639
56056 1354 56339
64431 925 57004
2528 60137 56233
54994 5341 55910
243 582 56638
57756 62880 57695
54612 4765 58589
2486 1537 53499
57080 60872 57308
52953 4253 59427
471 10496 58552
3867 62965 57606
61104 87 58238
945 4201 61450
64955 3811 61156
65140 3908 60174
63627 4135 60442
63535 3338 60413
63802 2744 60203
60390 2925 60204
60057 3310 62614
59320 2805 64760
60157 2318 440
62678 65408 1002
61308 1939 62229
3833 7969 62623
64060 64154 58058
7979 14845 65480
65011 65492 60506
64576 7760 59526
61856 11191 62417
2273 574 61399
61332 11149 64268
64956 9053 63440
1663 4406 61646
59687 11380 62379
64929 5549 61177
2436 63151 59129
59098 4779 58963
65105 59236 59226
62624 63831 58823
55568 7313 57386
61543 2731 58984
64153 62650 60758
55803 4921 58889
62490 65009 61566
63384 65408 59743
55663 7036 58262
64920 64264 60798
63955 2079 62916
64905 3373 63536
61605 4444 63050
65398 4884 64142
61383 4611 63822
62345 5255 64631
60876 5290 64225
61131 4963 64298
392 4987 516
59942 7463 62969
1217 8386 673
62204 876 62133
59639 7923 63373
597 289 63999
56984 5347 62322
62962 5291 61966
65173 62276 61609
56245 5019 62084
61378 8249 60243
61225 60782 59413
55118 6621 60701
65097 2390 60409
59336 60770 59876
57749 8225 61080
63733 61304 59361
55937 64888 60233
59057 8203 57929
61714 57631 60353
54208 65212 61711
59103 7227 58354
64882 60082 60118
57287 7 60370
61089 8174 59558
63724 59850 60573
57333 8010 61393
140 6254 60844
60811 60822 59404
57802 4796 60784
1623 1184 58144
58946 62427 57068
55963 7272 59172
836 61777 58050
56826 185 58357
56302 10573 59829
2521 60716 57958
56188 741 59166
56050 10052 59381
64060 62715 59270
55496 6041 61262
61904 6196 60640
65000 3255 62747
60179 4133 64089
61170 4642 62802
64384 2695 63960
