3611
3619
3662
3551
3286
3336
3325
3321
3248
3210
3120
3114
3098
3113
3188
3401
3526
3691
3803
3916
4074
4095
4095
4095
4095
4095
4008
3777
3093
2975
3027
3052
3037
3040
3054
3058
3076
3145
3427
4015
4095
3851
3183
3051
2997
2956
2992
3093
3487
4060
4095
3752
3297
3097
3028
2997
3079
3183
3803
4095
3605
3112
3404
4064
4095
3687
3911
3890
4095
3806
4095
3898
3914
4095
3677
4095
4095
4095
4095
4095
4095
3374
3869
4095
3677
3806
4095
3842
3677
4095
3661
3913
4095
3946
4077
4095
3311
3319
4095
3422
4089
4095
3539
4016
4031
3476
3781
4095
4095
3408
3962
3933
4070
4095
4095
4095
4095
4095
4095
4095
4095
4095
4095
4095
4095
4095
3871
4095
4095
3675
4095
4095
4018
4095
4095
3841
4095
3936
4048
4095
4095
4026
4095
3934
3987
4095
4095
4090
4033
4095
4095
4095
4095
4095
4095
3948
4095
4044
4095
4095
3970
4095
4095
3614
4095
3695
3730
4095
3508
4095
4095
3541
4095
4095
3693
4095
4095
3707
4095
3985
3691
4095
3671
4019
4095
3650
3749
4095
3611
3936
4095
3606
3909
3905
4095
4038
4095
4095
4018
4062
